1
15 445
356 859 571 909 506 25 631 868 300 448 295 58 287 843 149
8 849
6 801
13 431
8 107
5 162
7 850
11 861
12 802
3 469
9 797
2 769
11 541
9 130
3 844
5 533
11 353
4 476
6 79
12 138
14 74
2 873
0 175
14 355
7 522
6 457
0 65
14 383
1 65
13 300
8 330
11 767
12 784
1 436
14 742
1 537
5 555
14 298
3 703
4 207
1 790
5 31
3 702
9 710
12 203
11 580
3 947
14 76
3 801
11 76
11 239
6 274
5 618
8 598
1 828
13 786
12 327
5 399
3 631
6 950
2 125
4 409
3 803
7 379
0 708
4 371
13 246
8 925
8 595
3 898
10 492
0 763
13 840
3 214
0 324
14 763
3 205
3 25
5 468
1 770
6 826
12 235
14 741
9 553
9 696
13 560
1 249
8 103
9 81
5 545
2 202
3 420
1 384
4 750
7 532
5 815
7 380
10 832
0 599
9 351
5 72
7 935
2 624
3 485
13 428
4 6
10 965
14 577
11 410
13 996
8 90
8 966
14 578
3 521
7 829
11 220
14 564
1 689
4 514
4 535
14 511
2 84
14 352
11 870
0 417
12 575
13 168
14 131
3 577
9 310
7 192
2 886
8 305
8 137
8 738
0 563
8 51
10 173
8 587
12 559
14 908
13 790
7 291
4 773
2 939
1 79
10 93
11 197
1 266
3 145
14 312
5 773
14 245
0 271
0 663
7 506
13 197
11 754
7 918
6 931
14 642
9 722
4 901
13 358
13 698
5 744
6 337
4 458
13 20
4 661
7 687
6 654
7 271
2 390
13 405
11 263
3 997
9 712
11 596
8 555
5 964
8 104
1 321
8 295
8 437
9 744
13 141
11 102
3 671
12 817
14 312
3 54
1 952
5 837
0 158
2 151
6 93
12 361
14 715
10 315
14 574
11 756
10 855
7 906
12 994
2 737
3 224
1 915
10 315
13 968
10 705
11 201
1 263
12 656
1 244
6 523
11 944
6 272
12 470
4 561
5 218
6 421
6 723
5 415
7 471
9 988
2 949
6 808
3 46
3 975
8 760
11 979
7 467
13 83
9 530
11 457
9 522
10 606
4 167
7 830
4 899
2 913
9 22
14 672
4 485
7 27
6 812
9 908
11 652
9 978
1 791
1 17
9 632
7 273
1 251
6 961
11 842
10 248
0 801
12 528
6 22
4 798
13 840
6 933
7 158
1 450
10 471
1 752
12 142
5 188
2 85
8 132
0 453
10 149
0 954
14 393
2 591
12 357
4 277
6 474
2 231
7 431
11 556
12 782
12 436
0 685
5 722
12 384
4 97
9 383
5 973
14 423
11 276
13 900
10 240
6 204
1 664
13 284
7 667
6 793
7 225
7 951
3 966
5 465
8 453
2 559
9 495
5 108
6 796
10 127
3 749
11 388
5 653
4 103
1 999
4 430
11 775
4 195
11 503
5 252
0 688
14 273
11 702
2 191
1 201
4 823
0 702
7 310
14 368
0 64
3 295
2 36
7 525
1 71
5 432
5 978
14 829
10 135
9 736
10 562
5 779
10 324
8 910
10 196
0 156
11 608
0 835
11 158
5 47
4 5
3 617
3 423
3 387
14 596
7 819
6 23
1 108
4 379
2 466
0 326
2 718
0 296
3 241
5 908
7 119
7 923
5 203
13 902
10 304
5 154
12 298
6 320
0 179
5 838
13 652
6 465
1 534
10 462
9 314
6 286
3 639
9 703
14 472
4 904
7 413
10 40
5 486
3 365
7 498
2 95
14 391
3 772
14 913
14 540
13 526
0 54
10 121
8 788
1 210
9 66
12 760
7 595
12 726
2 77
9 440
7 212
3 546
6 322
1 674
9 819
0 763
12 832
13 268
6 670
9 953
12 733
0 704
14 688
9 497
10 470
6 710
14 105
7 298
3 470
2 178
8 16
12 687
13 288
13 175
11 890
1 798
4 120
1 474
4 23
6 520
13 14
8 617
1 654
6 275
12 64
1 238
1 233
14 707
4 503
4 532
12 108
